5.00000000061548507639962850285126655e-01
1.84623093805287158882065529593002226e+00
3.93633761088510591809209765874649223e+00
6.79966528027232015710663905907961393e+00
1.04480465795435962533647661075420464e+01
1.48870660034590147273956787539323396e+01
2.01197208334592915319901744483293771e+01
2.61477838559227266221277043499266685e+01
3.29723835698564000290131791993749070e+01
4.05942802294094035941672966671361718e+01
4.90140094047231437457976440547027507e+01
5.82319621911025310513312582186652745e+01
6.82484327186136035489586178201777020e+01
7.90636476849397064240180353114932368e+01
9.06777854711956878428918478728167285e+01
1.03090988946798350963579487309324529e+02
1.16303374302927962889261762936043727e+02
1.30315037303534457316659857449024781e+02
1.45126057808441414416303816762684970e+02
1.60736503110979998917728866646213766e+02
1.77146430444070658501798343342448457e+02
1.94355888891381864845553220119747067e+02
2.12364920865266638972278932595662599e+02
2.31173563264162973947925694102201801e+02
2.50781848389389761693945063796017557e+02
2.71189804678954381072633361411372559e+02
2.92397457300515273992098550601223833e+02
3.14404828634740985463525394494112370e+02
3.37211938672512115718217533093063608e+02
3.60818805343763144919997068436513411e+02
3.85225444791615152506608149428605990e+02
4.10431871602372553607708673320893150e+02
4.36438098999647327181933545743995628e+02
4.63244139009123664248649480474318994e+02
4.90850002599136769523805666459781475e+02
5.19255699801206070890357292153698174e+02
5.48461239813859006584943827684045916e+02
5.78466631092451141239155051078716926e+02
6.09271881427190513264043185202169087e+02
6.40876998011178295282874913463950908e+02
6.73281987499961099043304106456144945e+02
7.06486856063835263638569706973217472e+02
7.40491609433936979522351534720375819e+02
7.75296252942984006786369327749919133e+02
8.10900791561397176600779454655889710e+02
8.47305229929416728434803579720811383e+02
8.84509572385735059062670842105573443e+02
9.22513822993089872995690259906858429e+02
9.61317985561197061437359900135581255e+02
1.00092206366734851414475513586592305e+03
1.04132606067495460161695689119319297e+03
1.08252997975027271981697389650926674e+03
1.12453382387753083951506085156001521e+03
1.16733759587262744120987321556813144e+03
1.21094129839556574109138318416226166e+03
1.25534493396176003893935272759391653e+03
1.30054850495233481988603742565164129e+03
1.34655201362352244478550165937061093e+03
1.39335546211525250998464798598160595e+03
1.44095885245901493278335986472009136e+03
1.48936218658506925464365043482767815e+03
1.53856546632906435320259556573851499e+03
1.58856869343812551225480737471632220e+03
1.63937186957645948639028152833840366e+03
1.69097499633052266213347797059335021e+03
1.74337807521379257009043981317677515e+03
1.79658110767117874031942868946371356e+03
1.85058409508310513697974576206378516e+03
1.90538703876929309564268042267926720e+03
1.96098993999227075838026384126788003e+03
2.01739279996063240304377365558460926e+03
2.07459561983206876490155518538368393e+03
2.13259840071618739579932142786993228e+03
2.19140114367714028715754051846554140e+03
2.25100384973607435201941645533843155e+03
2.31140651987341891180621311594192511e+03
2.37260915503102303103825351922781911e+03
2.43461175611415437748174582163326702e+03
2.49741432399337023836159511916766753e+03
2.56101685950627038515471542623805286e+03
2.62541936345914063013687976993255134e+03
2.69062183662849515640559237906297097e+03
2.75662427976252501436767730978566536e+03
2.82342669358245955338856169541226188e+03
2.89102907878384699802405795762949927e+03
2.95943143603775986239005984040915191e+03
3.02863376599193043875476748554403680e+03
3.09863606927182117306032068973888185e+03
3.16943834648163435657855813236470577e+03
3.24104059820526521968889097752771131e+03
3.31344282500720219231422863608692870e+03
3.38664502743337780725335515515148069e+03
3.46064720601197346039309923412592192e+03
3.53544936125418099885490260587561384e+03
3.61105149365492388697636267178599121e+03
3.68745360369354049820620862663949433e+03
3.76465569183443189664906106122317237e+03
3.84265775852767629912202984645896912e+03
3.92145980420961225511301659040068790e+03
4.00106182930339243569017130546847845e+03
4.08146383421950979310779902395446388e+03
4.16266581935629772727929058384850580e+03
4.24466778510040578737403915533783110e+03
4.32746973182725232953059403981573752e+03
4.41107165990145545860454563697345578e+03
4.49547356967724349110539257354352746e+03
4.58067546149884609839468610512770301e+03
4.66667733570086720997819288788009288e+03
4.75347919260864068813128292354275237e+03
4.84108103253856972267662450224564209e+03
4.92948285579845082887206950343296422e+03
5.01868466268778328193297908560735723e+03
5.10868645349806476617744563273211971e+03
5.19948822851307396802511063447255423e+03
5.29108998800914080163177566676644998e+03
5.38349173225540490761035543269803355e+03
5.47669346151406303357571518979849387e+03
5.57069517604060586421982927193462497e+03
5.66549687608404483490998133097313907e+03
5.76109856188712943696049194476269767e+03
5.85750023368655548446121507835084361e+03
5.95470189171316479363291208386880427e+03
6.05270353619213669348668020019919216e+03
6.15150516734317176888480371107090322e+03
6.25110678538066820753413313626139167e+03
6.35150839051389110724580002043793916e+03
6.45270998294713507921718887562781822e+03
6.55471156287988046050489795391773000e+03
6.65751313050694343678418229887237516e+03
6.76111468601862035810850558129983983e+03
6.86551622960082651497870903261954927e+03
6.97071776143522962705410560530691758e+03
7.07671928169937828505622244276300710e+03
7.18352079056682557513995752107991836e+03
7.29112228820724809689857270232393057e+03
7.39952377478656058248141567252613665e+03
7.50872525046702631099531974984833285e+03
7.61872671540736349874863990649693937e+03
7.72952816976284784379097799345493807e+03
7.84112961368541138775568177530511450e+03
7.95353104732373785345471261355643205e+03
8.06673247082335460860220985605144711e+03
8.18073388432672139739291037489634555e+03
8.29553528797331597448194532393853722e+03
8.41113668189971677172477663747128135e+03
8.52753806623968272016728552579192941e+03
8.64473944112423034157305897588450264e+03
8.76274080668170822481688700959400336e+03
8.88154216303786898894540962278792881e+03
9.00114351031593883654577464555748690e+03
9.12154484863668479333654507639359572e+03
9.24274617811847972428000861237584250e+03
9.36474749887736521516556682157563315e+03
9.48754881102711240356342846581144207e+03
9.61115011467928083738458265814376257e+03
9.73555140994327543891339717873307058e+03
9.86075269692640164535942713929491703e+03
9.98675397573391879774651747133287751e+03
1.01135552464690918418120141726402809e+04
1.02411565092332414072536042179337847e+04
1.03695577641257923238198849953025280e+04
1.04987590112443206337057449611918228e+04
1.06287602506845991551058348019178088e+04
1.07595614825406416515627050472791870e+04
1.08911627069047456557098080478191627e+04
1.10235639238675339979249336862402944e+04
1.11567651335179950871263791989326325e+04
1.12907663359435219864007477777051602e+04
1.14255675312299503285244472127787317e+04
1.15611687194615951111219859740704443e+04
1.16975699007212864116555085384386445e+04
1.18347710750904040601122096329976108e+04
1.19727722426489113047919395175514112e+04
1.21115734034753875070384964016604780e+04
1.22511745576470598988995206822307253e+04
1.23915757052398344334213260330865389e+04
1.25327768463283257608391867577423946e+04
1.26747779809858863598174602758369895e+04
1.28175791092846348501844726449266935e+04
1.29611802312954835181085490280097682e+04
1.31055813470881650763637577190022635e+04
1.32507824567312586873807360034631689e+04
1.33967835602922152721318549286897526e+04
1.35435846578373821290922420574772662e+04
1.36911857494320268850847688837199279e+04
1.38395868351403607989776051825579125e+04
1.39887879150255614420348216485031965e+04
1.41387889891497947703563382107450952e+04
1.42895900575742366131382895343212126e+04
1.44411911203590935924048659279641416e+04
1.45935921775636234934341617069453999e+04
1.47467932292461551022602141255593287e+04
1.49007942754641075285550602290274879e+04
1.50555953162740090272315734397295773e+04
1.52111963517315153366994170312489072e+04
1.53675973818914275474659932465874190e+04
1.55247984068077095154576868008570647e+04
1.56827994265335048342233597075370941e+04
1.58416004411211533788539300401283532e+04
1.60012014506222074355582107966556999e+04
1.61616024550874474278714054573606546e+04
1.63228034545668972528723878457094751e+04
1.64848044491098392380644655842698640e+04
1.66476054387648287305345059910352095e+04
1.68112064235797083283557539803460675e+04
1.69756074036016217672530567339307053e+04
1.71408083788770274684011389113452428e+04
1.73068093494517117615773507387521387e+04
1.74736103153708017894117359044054126e+04
1.76412112766787781042300364028588737e+04
1.78096122334194869648486099372063155e+04
1.79788131856361523435484017525393791e+04
1.81488141333713876476058779042409254e+04
1.83196150766672071703566233761571817e+04
1.84912160155650372709978500742624513e+04
1.86636169501057272970842854591215976e+04
1.88368178803295602536764978593837531e+04
1.90108188062762632281141220990909874e+04
1.91856197279850175736869363060418082e+04
1.93612206454944688647119308930334838e+04
1.95376215588427366209186748792000112e+04
1.97148224680674238183403594875076793e+04
1.98928233732056261802713650262348167e+04
2.00716242742939412633506643937350719e+04
2.02512251713684773413276212247626648e+04
2.04316260644648620900481390212574286e+04
2.06128269536182510823040230110781350e+04
2.07948278388633360943557712037628263e+04
2.09776287202343532312809533253532965e+04
2.11612295977650908758344310587658986e+04
2.13456304714888974626096991879041298e+04
2.15308313414386890879102771769421876e+04
2.17168322076469569503166657398078324e+04
2.19036330701457746380949431204642141e+04
2.20912339289668052566181119155260405e+04
2.22796347841413084054989734979387526e+04
2.24688356357001470090546687529854344e+04
2.26588364836737940018339048192896503e+04
2.28496373280923388746424591569139135e+04
2.30412381689854940832203875134118713e+04
2.32336390063826013238522944099282926e+04
2.34268398403126376787666260517768724e+04
2.36208406708042216353547694183934040e+04
2.38156414978856189808982025343012593e+04
2.40112423215847485771768180284554846e+04
2.42076431419291880174769971549778180e+04
2.44048439589461791673812301478245679e+04
2.46028447726626335969198480951748877e+04
2.48016455831051378990533927838225921e+04
2.50012463902999589048697564997358739e+04
2.52016471942730487933955306602522627e+04
2.54028479950500500988194902248279471e+04
2.56048487926563006201998443938558376e+04
2.58076495871168382333115396607977786e+04
2.60112503784564056085130719295715991e+04
2.62156511666994548347176049696646045e+04
2.64208519518701519558591678119508650e+04
2.66268527339923814162980206461445245e+04
2.68336535130897504219680700578050765e+04
2.70412542891855932176520690589405196e+04
2.72496550623029752806976907671517612e+04
2.74588558324646974358992397112980285e+04
2.76688565996932998903949205644062358e+04
2.78796573640110661940298550851563554e+04
2.80912581254400271237094134931053944e+04
2.83036588840019644939099322786198510e+04
2.85168596397184148965593889720389581e+04
2.87308603926106733703210747575100037e+04
2.89456611426997970035495035149433809e+04
2.91612618900066084666420237680590946e+04
2.93776626345516994830694113652385765e+04
2.95948633763554342330643300402039643e+04
2.98128641154379526974100967473995195e+04
3.00316648518191739385380933331355220e+04
3.02512655855187993228087277787260727e+04
3.04716663165563156822536223717169134e+04
3.06928670449509984232623681742682118e+04
3.09148677707219145739678189099056602e+04
3.11376684938879257818324200372388536e+04
3.13612692144676912535284697377169185e+04
3.15856699324796706450011674643922150e+04
3.18108706479421268992107504095648238e+04
3.20368713608731290347661984039924723e+04
3.22636720712905548826070763292456374e+04
3.24912727792120937775408108065788022e+04
3.27196734846552492006601804856840429e+04
3.29488741876373413777003498306648463e+04
3.31788748881755098297372590454475169e+04
3.34096755862867158808754726771987073e+04
3.36412762819877451236580541525140435e+04
3.38736769752952098400394462203251718e+04
3.41068776662255513808063055020970829e+04
3.43408783547950425073521071244136259e+04
3.45756790410197896908424782534860179e+04
3.48112797249157353708584472050312432e+04
3.50476804064986601811032155094287357e+04
3.52848810857841851321042221334064541e+04
3.55228817627877737602272976842634979e+04
3.57616824375247342398058135357259330e+04
3.60012831100102214601354758457914949e+04
3.62416837802592390677462514914086340e+04
3.64828844482866414760444058256950813e+04
3.67248851141071358394978309677066346e+04
3.69676857777352839959422451855970816e+04
3.72112864391855043784368407898157057e+04
3.74556870984720738959326533933847782e+04
3.77008877556091297799356803939973969e+04
3.79468884106106714046432520100272421e+04
3.81936890634905620766429968397648745e+04
3.84412897142625307945096260869363244e+04
3.86896903629401739818945182909899715e+04
3.89388910095369571916213176438470389e+04
3.91888916540662167821803754268334200e+04
3.94396922965411615684263919979238367e+04
3.96912929369748744457989863970820801e+04
3.99436935753803139894419212958049814e+04
4.01968942117703160257596753957561743e+04
4.04508948461575951817626969657530061e+04
4.07056954785547464093429906666022953e+04
4.09612961089742464844813875218852579e+04
4.12176967374284554853055251017200295e+04
4.14748973639296182451130644475824300e+04
4.17328979884898657838742780225688806e+04
4.19916986111212167171912474301104701e+04
4.22512992318355786444757501635798327e+04
4.25116998506447495145831643765185581e+04
4.27729004675604189717232489467036814e+04
4.30349010825941696788370985294349200e+04
4.32977016957574786234152390186455614e+04
4.35613023070617184021886363595465810e+04
4.38257029165181584861313060703980294e+04
4.40909035241379664668358586001575443e+04
4.43569041299322092846406320471636974e+04
4.46237047339118544366925331043045043e+04
4.48913053360877711692606187915410591e+04
4.51597059364707316503585720047078126e+04
4.54289065350714121255484207970304491e+04
4.56989071319003940579844586323118178e+04
4.59697077269681652487619806342829944e+04
4.62413083202851209436622859327420503e+04
4.65137089118615649220076362801558040e+04
4.67869095017077105701234342400104550e+04
4.70609100898336819390455269263416457e+04
4.73357106762495147864664612444058750e+04
4.76113112609651576047401463636526622e+04
4.78877118439904726324198417896405421e+04
4.81649124253352368528949561741801003e+04
4.84429130050091429769385090544519835e+04
4.87217135830218004127103120504754216e+04
4.90013141593827362207583441665699581e+04
4.92817147341013960561060606334745776e+04
4.95629153071871450971081415048357421e+04
4.98449158786492689603592002099361793e+04
5.01277164484969746030700731830886479e+04
5.04113170167393912132771245418834095e+04
5.06957175833855710860945050568436397e+04
5.09809181484444904892485652687875142e+04
5.12669187119250505171385884949206114e+04
5.15537192738360779291691500075043150e+04
5.18413198341863259812921926832184584e+04
5.21297203929844752425038625508781035e+04
5.24189209502391344027778834473872825e+04
5.27089215059588410670312642263169270e+04
5.29997220601520625401465194033764522e+04
5.32913226128271966012869595542968744e+04
5.35837231639925722663829138503559293e+04
5.38769237136564505416810926802876298e+04
5.41709242618270251651460207362803753e+04
5.44657248085124233403462927151554080e+04
5.47613253537207064585390328763220917e+04
5.50577258974598708118060854554741356e+04
5.53549264397378482961986310829954965e+04
5.56529269805625071048571672073676816e+04
5.59517275199416524154155598624442649e+04
5.62513280578830270623809655902499334e+04
5.65517285943943122059460768991223042e+04
5.68529291294831279890231422190067536e+04
5.71549296631570341856674132591425687e+04
5.74577301954235308427300755786298078e+04
5.77613307262900589114976772697023476e+04
5.80657312557640008721937534371600228e+04
5.83709317838526813484610781725848175e+04
5.86769323105633677164994765410284853e+04
5.89837328359032707038231696176913452e+04
5.92913333598795449812591880056527828e+04
5.95997338824992897488457888941222499e+04
5.99089344037695493113805031955621452e+04
6.02189349236973136475549051599834317e+04
6.05297354422895189733510883890132415e+04
6.08413359595530482968892590848448575e+04
6.11537364754947319650436971901466870e+04
6.14669369901213482054357759357010083e+04
6.17809375034396236612778501541821518e+04
6.20957380154562339176494334699660506e+04
6.24113385261778040220628729172859184e+04
6.27277390356109089989697274558693413e+04
6.30449395437620743578381023591943907e+04
6.33629400506377765948094304458144923e+04
6.36817405562444436865008467838322386e+04
6.40013410605884555802534838625702939e+04
6.43217415636761446768759796382308920e+04
6.46429420655137963066287974121125809e+04
6.49649425661076492012704860686846489e+04
6.52877430654638959600593638445616751e+04
6.56113435635886835071764835261417668e+04
6.59357440604881135466793183153396890e+04
6.62609445561682430121033138575128264e+04
6.65869450506350845082149311285426486e+04
6.69137455438946067477776929550021712e+04
6.72413460359527349858461641556014691e+04
6.75697465268153514458483359302050030e+04
6.78989470164882957410394729671314269e+04
6.82289475049773652924069562948720061e+04
6.85597479922883157394504577150195511e+04
6.88913484784268613481218982481065337e+04
6.92237489633986754123553333310063032e+04
6.95569494472093906520357673737161437e+04
6.98909499298645996045706609563663269e+04
7.02257504113698550143431814996009056e+04
7.05613508917306702150296695708841297e+04
7.08977513709525195087340627001471823e+04
7.12349518490408385412214564207261264e+04
7.15729523260010246710875244094127581e+04
7.19117528018384373364781217239251179e+04
7.22513532765583984157390388798450468e+04
7.25917537501661925856033697981340262e+04
7.29329542226670676744017596528002972e+04
7.32749546940662350103098692655643892e+04
7.36177551643688697685461022050943242e+04
7.39613556335801113103823824896681997e+04
7.43057561017050635214723200215539128e+04
7.46509565687487951466469892944812785e+04
7.49969570347163401165169346611070271e+04
7.53437574996126978769790737716123388e+04
7.56913579634428337094529261365941307e+04
7.60397584262116790497479202772601163e+04
7.63889588879241318037239359911822800e+04
7.67389593485850566587279408653667928e+04
7.70897598081992853914888456521451023e+04
7.74413602667716171735426235429513726e+04
7.77937607243068188713484007484889591e+04
7.81469611808096253446600328938498348e+04
7.85009616362847397428017541077145465e+04
7.88557620907368337934681763408690405e+04
7.92113625441705480933802298449670662e+04
7.95677629965904923918223400433074962e+04
7.99249634480012458742309806511629230e+04
8.02829638984073574390537963569009337e+04
8.06417643478133459757208107047614222e+04
8.10013647962237006358811992315577223e+04
8.13617652436428811054097785735156262e+04
8.17229656900753178700256433013955434e+04
8.20849661355254124802671298412053737e+04
8.24477665799975378122131850882399836e+04
8.28113670234960383275761730892844240e+04
8.31757674660252303284643005453447775e+04
8.35409679075894022115105762498314773e+04
8.39069683481928147177654432312138484e+04
8.42737687878397011808682704431806243e+04
8.46413692265342677731413457577812325e+04
8.50097696642806937474574164843772318e+04
8.53789701010831316780951860939661896e+04
8.57489705369457076991879244765578835e+04
8.61197709718725217389275156810278340e+04
8.64913714058676477534941333111309774e+04
8.68637718389351339578437220899357828e+04
8.72369722710790030526353294930993257e+04
8.76109727023032524523154778141213007e+04
8.79857731326118545068378735808484016e+04
8.83613735620087567245446204391289706e+04
8.87377739904978819904777162534500110e+04
8.91149744180831287844201534519090291e+04
8.94929748447683713940192766813746023e+04
8.98717752705574601304981808004426948e+04
9.02513756954542215358797429024845910e+04
9.06317761194624585942389692932446812e+04
9.10129765425859509373185796357180220e+04
9.13949769648284550491857872634864126e+04
9.17777773861937044688216758402720447e+04
9.21613778066854099910398241703000795e+04
9.25457782263072598642871671356793888e+04
9.29309786450629199888980515072786092e+04
9.33169790629560341111837042307325763e+04
9.37037794799902240161791443842673090e+04
9.40913798961690897205267469771333727e+04
9.44797803114962096600836404790343286e+04
9.48689807259751408791041717311281654e+04
9.52589811396094192155964319616072131e+04
9.56497815524025594860835141290321632e+04
9.60413819643580556676351858834898108e+04
9.64337823754793810793068778773828195e+04
9.68269827857699885615768620082054960e+04
9.72209831952333106537593815835623997e+04
9.76157836038727597704906025388449842e+04
9.80113840116917283754827750102928171e+04
9.84077844186935891557940032404310970e+04
9.88049848248816951923021916796302096e+04
9.92029852302593801303315505370421256e+04
9.96017856348299583479321925359803330e+04
1.00001386038596725123946585212958911e+05
1.00401786441562956801612251408090108e+05
1.00802986843731910955159338929064252e+05
1.01204987245106826550874716193827664e+05
1.01607787645690924110480054445239255e+05
1.02011388045487405869675086918806940e+05
1.02415788444499455937579943159658347e+05
1.02820988842730240454928515278753049e+05
1.03226989240182907750656834738334525e+05
1.03633789636860588495121488282234169e+05
1.04041390032766395856005552063583732e+05
1.04449790427903425650147488401189250e+05
1.04858990822274756495197677279228009e+05
1.05268991215883449959722936314790551e+05
1.05679791608732550712440225486261705e+05
1.06091392000825086670958709025651945e+05
1.06503792392164069148245574376787449e+05
1.06916992782752492997895556338692764e+05
1.07330993172593336759994897310505997e+05
1.07745793561689562804367203006346761e+05
1.08161393950044117474063848429865983e+05
1.08577794337659931225899992571300592e+05
1.08994994724539918772318388867979308e+05
1.09412995110686979221024309806480802e+05
1.09831795496103996213812667175794216e+05
1.10251395880793838064965030518489017e+05
1.10671796264759357896723286339785896e+05
1.11092996648003393778617528806849185e+05
1.11514997030528768859963618668321723e+05
1.11937797412338291505517798386493699e+05
1.12361397793434755429667185435340091e+05
1.12785798173820939829151845042157304e+05
1.13210998553499609515061922872478219e+05
1.13636998932473515044080970400620438e+05
1.14063799310745392849383165347259124e+05
1.14491399688317965371884256191231979e+05
1.14919800065193941187214878984411972e+05
1.15349000441376015135928374674139631e+05
1.15779000816866868451595433490116555e+05
1.16209801191669168887864831666325229e+05
1.16641401565785570845581186850190253e+05
1.17073801939218715497808546415088162e+05
1.17507002311971230917429535151461180e+05
1.17941002684045732200554177862488125e+05
1.18375803055444821592501502337647016e+05
1.18811403426171088610686752049334219e+05
1.19247803796227110169406130158556091e+05
1.19685004165615450702974004488343608e+05
1.20123004534338662287210562124349482e+05
1.20561804902399284763584257180618804e+05
1.21001405269799845860332655392423795e+05
1.21441805636542861314812267537119894e+05
1.21883006002630834993559568607957445e+05
1.22325006368066259014718823496630019e+05
1.22767806732851613867833518768954341e+05
1.23211407096989368535675403908642079e+05
1.23655807460481980613836950703843610e+05
1.24101007823331896430241520507187105e+05
1.24547008185541551166037627725426731e+05
1.24993808547113368975008849799734121e+05
1.25441408908049763103330110777070538e+05
1.25889809268353136010039822433723290e+05
1.26339009628025879484298957582627213e+05
1.26789009987070374768068006953839483e+05
1.27239810345488992672404443740619918e+05
1.27691410703284093700272074086983113e+05
1.28143811060458028163382174036358400e+05
1.28597011417013136303817793629106716e+05
1.29051011772951748412592652025387784e+05
1.29505812128276184950878952216067510e+05
1.29961412482988756668598062094118703e+05
1.30417812837091764726809950294903586e+05
1.30875013190587500816786995499168980e+05
1.31333013543478247281882466270709135e+05
1.31791813895766277238647776697092360e+05
1.32251414247453854698642892327778557e+05
1.32711814598543234690292204003929485e+05
1.33173014949036663381493450687278062e+05
1.33635015298936378203044938965805785e+05
1.34097815648244607971834272232706447e+05
1.34561415996963573015623666945173603e+05
1.35025816345095485296607948294303348e+05
1.35491016692642548538427628484842837e+05
1.35957017039606958352028319954907918e+05
1.36423817385990902361496523125140209e+05
1.36891417731796560333824387770105826e+05
1.37359818077026104304803484261807982e+05
1.37829018421681698711814290552724049e+05
1.38299018765765500521393203085083178e+05
1.38769819109279659363435345674737577e+05
1.39241419452226317662083770019614972e+05
1.39713819794607610770127651481380780e+05
1.40187020136425667104493757444168199e+05
1.40661020477682608281780191829558932e+05
1.41135820818380549256425551069969229e+05
1.41611421158521598459422797784372964e+05
1.42087821498107857939783761336344979e+05
1.42565021837141423504880667478800464e+05
1.43043022175624384866908516824317719e+05
1.43521822513558825785150952756754555e+05
1.44001422850946824215933390529691535e+05
1.44481823187790452459974070274318546e+05
1.44963023524091777314359633193332884e+05
1.45445023859852860224939007098453875e+05
1.45927824195075757443168694187369180e+05
1.46411424529762520181050558422886084e+05
1.46895824863915194773919489497188064e+05
1.47381025197535822840083327098620232e+05
1.47867025530626441447453978607058166e+05
1.48353825863189083280096841346845141e+05
1.48841426195225776808768651394190285e+05
1.49329826526738546464470313967515752e+05
1.49819026857729412814775210230105729e+05
1.50309027188200392741284618809694454e+05
1.50799827518153499625137115210640126e+05
1.51291427847590743531025041237418288e+05
1.51783828176514131397414007000829669e+05
1.52277028504925667230208681689347171e+05
1.52771028832827352300399816582730033e+05
1.53265829160221185344077275607036866e+05
1.53761429487109162768516128068007738e+05
1.54257829813493278863124094175813862e+05
1.54755030139375526012887400577295042e+05
1.55253030464757894918119958282497395e+05
1.55751830789642374818543321326194165e+05
1.56251431114030953723705254103614278e+05
1.56751831437925618646371286221243453e+05
1.57253031761328355844495593284824459e+05
1.57755032084241151066977218642032914e+05
1.58257832406665989807403559181379537e+05
1.58761432728604857561384726180863497e+05
1.59265833050059740093472028939013747e+05
1.59771033371032623710363854256098762e+05
1.60277033691525495539989183725880072e+05
1.60783834011540343818918350551266567e+05
1.61291434331079158188785729402576306e+05
1.61799834650143929999203792375569592e+05
1.62309034968736652620746508739278127e+05
1.62819035286859321766944471182526590e+05
1.63329835604513935823175215850083084e+05
1.63841435921702496188950764842569558e+05
1.64353836238427007628649093934623381e+05
1.64867036554689478631886642044084306e+05
1.65381036870491921787557283321543049e+05
1.65895837185836354167390203067498489e+05
1.66411437500724797723143594653451641e+05
1.66927837815159279696175635517313189e+05
1.67445038129141833038546124118488443e+05
1.67963038442674496851272442623746861e+05
1.68481838755759316835714528793232133e+05
1.69001439068398345759121480234108882e+05
1.69521839380593643937560895392252315e+05
1.70043039692347279735162988123894579e+05
1.70565040003661330080851333931490808e+05
1.71087840314537881002998434571539453e+05
1.71611440624979028184316732772409570e+05
1.72135840934986877536117874405284913e+05
1.72661041244563545793260617078334480e+05
1.73187041553711161132220767903100160e+05
1.73713841862431863811599015168236613e+05
1.74241442170727806837966874063852039e+05
1.74769842478601156655029253456734427e+05
1.75299042786054093863109637606602275e+05
1.75829043093088813962774884815394384e+05
1.76359843399707528131155922901273133e+05
1.76891443705912464027471015933358303e+05
1.77423844011705866632197068474743360e+05
1.77957044317089999120828894966299887e+05
1.78491044622067143771518219289176528e+05
1.79025844926639602913833335561640134e+05
1.79561445230809699915615414837339987e+05
1.80097845534579780211499555722994871e+05
1.80635045837952212377470497849812031e+05
1.81173046140929389250624205210596586e+05
1.81711846443513729099522369687556433e+05
1.82251446745707676844969036617241991e+05
1.82791847047513705336579528813222397e+05
1.83333047348934316687446911364906577e+05
1.83875047649972043669090079787027276e+05
1.84417847950629451171537663296361740e+05
1.84961448250909137730798642188295905e+05
1.85505848550813737130122653092664736e+05
1.86051048850345920075312433198360386e+05
1.86597049149508395952787963982786146e+05
1.87143849448303914671971969644938410e+05
1.87691449746735268598477381848696805e+05
1.88239850044805294583185065889040536e+05
1.88789050342516876094061766018817296e+05
1.89339050639872945454805358157111943e+05
1.89889850936876486198011391606155331e+05
1.90441451233530535541800662441566074e+05
1.90993851529838186993954230655640176e+05
1.91547051825802593095311559586599833e+05
1.92101052121426968308044671179808002e+05
1.92655852416714592060373965194910282e+05
1.93211452711668811957907216769560644e+05
1.93767853006293047172145451060497403e+05
1.94325053300590792016172570850043923e+05
1.94883053594565619722690065077773574e+05
1.95441853888221186438049677859276206e+05
1.96001454181561235443499775015030360e+05
1.96561854474589601626322502284074124e+05
1.97123054767310216209166118332252613e+05
1.97685055059727111765113957196903353e+05
1.98247855351844427531848388136708884e+05
1.98811455643666415050688734022052654e+05
1.99375855935197444152379557336211224e+05
1.99941056226442009315329823585297950e+05
2.00507056517404736427063737951851034e+05
2.01073856808090389973900289895163392e+05
2.01641457098503880696493265645411722e+05
2.02209857388650273745113863909019309e+05
2.02779057678534797375663847839943607e+05
2.03349057968162852225342229617854175e+05
2.03919858257540021220471689326311394e+05
2.04491458546672080163032295899393281e+05
2.05063858835565009053752119305589046e+05
2.05637059124225004212138931842327370e+05
2.06211059412658491263401328042045792e+05
2.06785859700872139064597447021567445e+05
2.07361459988872874650115186960572527e+05
2.07937860276667899290236481503820326e+05
2.08515060564264705756839669282334830e+05
2.09093060851671096911363640395712049e+05
2.09671861138895205729927801261376780e+05
2.10251461425945516904927408957203606e+05
2.10831861712830890168814395914129736e+05
2.11413061999560585504292267768755020e+05
2.11995062286144290427299056851053146e+05
2.12577862572592149544631864203498252e+05
2.13161462858914796615669805260953386e+05
2.13745863145123389372302802895626345e+05
2.14331063431229647381561029263163617e+05
2.14917063717245893274368424817093383e+05
2.15503864003185097693257871706554665e+05
2.16091464289060928369806781947276263e+05
2.16679864574887803785202407726064692e+05
2.17269064860680951926478332382939212e+05
2.17859065146456474726896478299077822e+05
2.18449865432231418846225922820737611e+05
2.19041465718023853547633562991383583e+05
2.19633866003852956525679882049295855e+05
2.20227066289739108662766545932256164e+05
2.20821066575703998841901943718614010e+05
2.21415866861770740089914240612269212e+05
2.22011467147963998545051428601391401e+05
2.22607867434310136945356170000313428e+05
2.23205067720837374624896871941289425e+05
2.23803068007575966300602759988305056e+05
2.24401868294558402332944206353956073e+05
2.25001468581819633569108133245546618e+05
2.25601868869397324429812710078919635e+05
2.26203069157332138532641870709102191e+05
2.26805069445668061927203295608584277e+05
2.27407869734452769944323597756940716e+05
2.28011470023738044808024934556831496e+05
2.28615870313580252535786164131022191e+05
2.29221070604040889366622685030054311e+05
2.29827070895187210038905363491254115e+05
2.30433871187092952856845642923067514e+05
2.31041471479839179703904110374752880e+05
2.31649871773515253242558973797187766e+05
2.32259072068219978646802873563626293e+05
2.32869072364062943731902580500575461e+05
2.33479872661166099665956336545329418e+05
2.34091472959665635168601858670858895e+05
2.34703873259714211047153565762674737e+05
2.35317073561483640154735139575619231e+05
2.35931073865168121995531553191181154e+05
2.36545874170988173396090236931720596e+05
2.37161474479195440102027876501385631e+05
2.37777874790078633388910159124171921e+05
2.38395075103970917552246786652544143e+05
2.39013075421259188500446842074098280e+05
2.39631875742395845893744505093071988e+05
2.40251476067913894937779142445194849e+05
2.40871876398446556291567014755911807e+05
2.41493076734753073450708149994851828e+05
2.42115077077753185222529394235931802e+05
2.42737877428573943595433769797888130e+05
2.43361477788614495455685847147240671e+05
2.43985878159637633698790932024582659e+05
2.44611078543902336008864697598120664e+05
2.45237078944361047450659297227684184e+05
2.45863879364963000885220210163548347e+05
2.46491479811138762312385902539982547e+05
2.47119880290610669909909736660909044e+05
2.47749080814826789535959485458541537e+05
2.48379081401683660669161513899211492e+05
2.49009882081191311884980939527394420e+05
2.49641482908813478361431750638860868e+05
2.50273884003025386149642502000295845e+05
2.50907085686079033086148766839666260e+05
2.51541089415286945617686179522282055e+05
